DEU CERTO PORRA PAU NO CU
d
#
24992 35999 28700 25045 
27941 39747 31830 29837 
31914 44130 36602 32205 
24941 33809 27817 24316 
30527 38516 35257 26025 
#
26141 33906 23808 24117 27490 
27876 35407 23295 29445 33826 
32280 40402 27292 30433 34855 
23922 29443 19088 24283 28134 
27809 35575 26958 25192 27828 
#
35111 
38342 
42766 
32359 
37064 
#
34611 15271 28852 
37318 21122 35779 
41590 22407 36732 
31590 17551 30152 
36427 18908 29002 
#
34383 33951 30947 20762 22243 27303 25994 
36383 36391 29769 27501 27979 33276 28984 
41133 40557 34288 28562 29197 34278 29752 
31020 30887 24033 23680 22662 27534 22782 
35939 35222 31028 25104 21897 27371 23572 
#
32881 
36103 
40188 
31752 
35161 
#
35683 23323 27904 21220 
38031 28452 34327 28032 
42658 29747 35401 29300 
32129 22461 28514 23700 
37376 22218 28564 25752 
#
35385 25864 26345 16659 27361 
37687 31684 29257 22670 33470 
42792 32609 30088 24173 34312 
31986 26334 22787 18414 28046 
38515 25722 23648 20591 26773 
#
29053 27499 19970 
35947 33670 20399 
36975 34758 21385 
30104 27806 13864 
29233 27979 15408 
#
33139 
35173 
39583 
30413 
34388 
#
26781 
33437 
34268 
28372 
26533 
#
35509 33432 24309 21890 15745 
37568 35866 27060 27521 22535 
42482 40138 27919 28639 22901 
31517 29873 20936 22431 21241 
37812 34989 22035 21235 19502 
#
21741 21470 26038 20210 
27972 26610 28929 26336 
29175 27873 29693 27336 
23444 21164 22645 22511 
25863 21206 23165 24077 
