ENGEN COMPUTACAO
d
#
28080 30347 25395 21690 23655 23278 
24879 26664 25712 18690 18978 19183 
31989 34350 29490 24261 26256 25907 
26967 29130 25139 19737 21363 21081 
#
14248 15239 
11119 12084 
15653 16732 
12843 13759 
#
22498 28649 32229 31244 24662 32046 23152 
18589 25025 28668 28539 24697 29172 18961 
25153 32233 36580 35610 28649 36537 25801 
21740 27504 30967 30195 24228 30930 20951 
#
14787 8879 
11378 7160 
16218 9562 
13310 8046 
#
28112 29918 31761 
24315 26697 28480 
31940 33931 36128 
27170 28729 30621 
#
27709 25447 29056 29385 17397 23281 
24654 22035 25961 26398 16517 19163 
31654 28458 32962 33456 19784 25952 
26950 24531 28131 28258 16003 21079 
#
17026 10876 
14213 9835 
18971 12207 
16183 9958 
#
14858 11819 
11445 10184 
16303 13162 
13375 10764 
#
28661 28669 31451 26529 19449 
24928 25760 27918 26795 16798 
32524 32575 35624 30842 21796 
27446 27594 30254 26179 17702 
